Практическая работа 2

Вариант: 10
Группа: 3
ФИО: Коломиец Александр, Морозов Михаил

1. Выписаны исходные данные:
   Целевая функция: max(11x1 + 18x2 + 7x3 + 13x4 + x5 + 14x6 + 5x7)
   Ограничения:
   A = 
   [7 26 -8 16 -4 26 -8;-5 14 18 -9 30 25 1;22 -4 18 8 6 15 14;3 8 -10 1 1 19 29;5 15 1 -10 9 11 27]

   B = [60;79;72;45;62]

2. Матрица ограничений A записана.

3. Вектор B записан.

4. Ограничения приведены к уравнениям.
   Новая матрица A:
   [7 26 -8 16 -4 26 -8;-5 14 18 -9 30 25 1;22 -4 18 8 6 15 14;3 8 -10 1 1 19 29;5 15 1 -10 9 11 27]

5. Определен ранг базисных переменных: m = 5

6. Определены матрицы D и S:
   D = [7 26 -8 16 -4;-5 14 18 -9 30;22 -4 18 8 6;3 8 -10 1 1;5 15 1 -10 9]

   S = [26 -8;25 1;15 14;19 29;11 27]

7. Найдена обратная матрица D⁻¹:
   [-0.0132775595454253 -0.0178093001395548 0.0339270488672814 0.0422490775160835 0.0261508216983523;0.031454337136376 -0.00304955747484512 -0.0125949467157695 -0.0495192109847601 0.0380436626744706;0.0210862748976803 -0.00167711221923893 0.00242470141554624 -0.112933978957765 0.025893804070264;0.0220031636270963 0.0217374824834545 0.0101139324491253 0.03242753871689 -0.0730247726007657;-0.0229424331050256 0.0393157555415816 0.0131115088306492 0.107639127035294 -0.0508389531874157]

8. Вычислены коэффициенты βi:
   β = [3.76171866821551;0.869851615637357;-2.16935007028277;0.697357411168283;4.36517295625863]

9. Вычислены коэффициенты αij:
   α = [0.808848192826754 2.49468529418772;0.0302649086468384 -0.839891734933966;-1.31822789233272 -2.71237417146108;1.08007904014023 -1.04396300967642;2.06897818887763 2.15529929197419]

10. Записано уравнение в базисных переменных.
   xБ = [3.76171866821551;0.869851615637357;-2.16935007028277;0.697357411168283;4.36517295625863] + [0.808848192826754 2.49468529418772;0.0302649086468384 -0.839891734933966;-1.31822789233272 -2.71237417146108;1.08007904014023 -1.04396300967642;2.06897818887763 2.15529929197419] * xH

Выводы не включены. Их нужно будет сформулировать самостоятельно.
