# Created by Octave 9.4.0, Thu Feb 27 16:10:42 2025 MSK <alexander@MacBook-Pro-Aleksandr.local>
# name: x
# type: matrix
# rows: 7
# columns: 1
 3.2000000000000002
 1.5
 0
 2.7000000000000002
 0
 4
 0


# name: fval
# type: scalar
142.69999999999999


# name: status
# type: scalar
1


# name: A
# type: matrix
# rows: 5
# columns: 10
 7 26 -8 16 -4 26 -8 0 0 0
 -5 14 18 -9 30 25 1 0 0 0
 22 -4 18 8 6 15 14 1 0 0
 3 8 -10 1 1 19 26 0 1 0
 5 15 1 -10 9 11 27 0 0 -1


# name: B
# type: matrix
# rows: 5
# columns: 1
 60
 79
 72
 45
 62


# name: C
# type: matrix
# rows: 1
# columns: 10
 11 18 7 13 1 14 5 0 0 0


