; Комментарии (начинаются с точки с запятой ";")

; [Основные параметры]
20               ; n (число узлов)
0.1              ; y0
85600            ; a0
200              ; L (байты)
0.98             ; качество (доля обслуженных вызовов)
0.05             ; T0 (сек)
1                ; optimizeT0 (0 или 1)
10000            ; DC
100000           ; ACCURACY

; [Количество абонентов в узлах]
9711 3558 6294 8695 7350 6752 1636 1147 6812 8164 9251 8002 7395 8220 5921 2728 8261 7742 3242 7350

; [Матрица расстояний NxN]
0 95.5874979496 79.5642912388 94.6461260319 39.3193304539 90000000000 90000000000 90000000000 90000000000 62.9523813725 90000000000 90000000000 95.9786474705 46.6714441776 97.7563917637 90000000000 90000000000 67.9149210453 90000000000 12.3348772526
95.5874979496 0 84.0328395367 58.5388839245 39.9922549725 90000000000 90000000000 50.7433593273 55.0055682659 59.0373694897 90000000000 13.4800612926 90000000000 48.8370597363 90000000000 90000000000 90000000000 26.3564765453 90000000000 63.0501449108
79.5642912388 84.0328395367 0 90000000000 86.9909584522 90000000000 9.08883214 90000000000 36.5639030933 90000000000 90000000000 90000000000 90000000000 50.6762325764 90000000000 42.2351658344 83.0486595631 25.3041088581 90000000000 90000000000
94.6461260319 58.5388839245 90000000000 0 28.4607350826 17.6770150661 90000000000 90000000000 90000000000 90000000000 37.6704633236 89.3714845181 90000000000 58.3664834499 90000000000 47.4359452724 90000000000 90000000000 8.9873731136 74.8607575893
39.3193304539 39.9922549725 86.9909584522 28.4607350826 0 15.2065336704 90000000000 90000000000 90000000000 84.2344343662 0.7139742374 90000000000 25.4256784916 90000000000 5.6122362614 84.7947180271 90000000000 9.0822279453 90000000000 90000000000
90000000000 90000000000 90000000000 17.6770150661 15.2065336704 0 90000000000 90000000000 90000000000 90000000000 41.1598861217 24.2978274817 35.1119220314 10.3595435614 35.0349605141 18.9526259899 85.9894931317 85.5223357697 90000000000 90000000000
90000000000 90000000000 9.08883214 90000000000 90000000000 90000000000 0 27.3581326 80.19250035 37.88679242 59.36749578 29.47033048 50.67628026 89.63277936 67.4824059 90000000000 90000000000 90000000000 90000000000 90000000000
90000000000 50.7433593273 90000000000 90000000000 90000000000 90000000000 27.3581326 0 37.20683455 32.77925849 81.57586455 59.63644385 88.076967 57.18063712 90000000000 90000000000 90000000000 90000000000 90000000000 90000000000
90000000000 55.0055682659 36.5639030933 90000000000 90000000000 90000000000 80.19250035 37.20683455 0 52.88897157 77.78683305 23.19861054 53.91460061 33.26492906 20.67342401 90000000000 90000000000 90000000000 90000000000 90000000000
62.9523813725 59.0373694897 90000000000 90000000000 84.2344343662 90000000000 37.88679242 32.77925849 52.88897157 0 40.24402499 2.76581645 44.98884082 55.82234263 93.11982989 56.03725314 90000000000 90000000000 90000000000 90000000000
90000000000 90000000000 90000000000 37.6704633236 0.7139742374 41.1598861217 59.36749578 81.57586455 77.78683305 40.24402499 0 61.06179357 16.36889577 33.69382024 90000000000 90000000000 90000000000 90000000000 90000000000 90000000000
90000000000 13.4800612926 90000000000 89.3714845181 90000000000 24.2978274817 29.47033048 59.63644385 23.19861054 2.76581645 61.06179357 0 33.69382024 90000000000 90000000000 90000000000 90000000000 90000000000 90000000000 90000000000
95.9786474705 90000000000 90000000000 90000000000 25.4256784916 35.1119220314 50.67628026 88.076967 53.91460061 44.98884082 16.36889577 33.69382024 0 64.94722962 45.29090524 45.90139985 48.41914773 90000000000 90000000000 90000000000
46.6714441776 48.8370597363 50.6762325764 58.3664834499 90000000000 10.3595435614 89.63277936 57.18063712 33.26492906 55.82234263 90000000000 90000000000 64.94722962 0 82.66355395 96.55558467 57.84532428 90000000000 90000000000 90000000000
97.7563917637 90000000000 90000000000 47.4359452724 5.6122362614 35.0349605141 67.4824059 90000000000 20.67342401 93.11982989 90000000000 90000000000 45.29090524 82.66355395 0 38.15076947 90000000000 90000000000 90000000000 90000000000
90000000000 90000000000 42.2351658344 8.9873731136 84.7947180271 18.9526259899 90000000000 90000000000 90000000000 56.03725314 90000000000 90000000000 45.90139985 96.55558467 38.15076947 0 93.58620048 31.27049804 36.66872382 90000000000
90000000000 26.3564765453 83.0486595631 90000000000 90000000000 85.9894931317 90000000000 90000000000 90000000000 90000000000 90000000000 90000000000 48.41914773 57.84532428 90000000000 93.58620048 0 4.541546106 50.43850541 90000000000
67.9149210453 90000000000 25.3041088581 90000000000 9.0822279453 85.5223357697 90000000000 90000000000 90000000000 90000000000 90000000000 90000000000 90000000000 90000000000 90000000000 31.27049804 4.541546106 0 76.97889209 90000000000
90000000000 63.0501449108 90000000000 74.8607575893 90000000000 90000000000 90000000000 90000000000 90000000000 90000000000 90000000000 90000000000 90000000000 90000000000 90000000000 36.66872382 50.43850541 76.97889209 0 21.6811955
12.3348772526 90000000000 90000000000 90000000000 90000000000 90000000000 90000000000 90000000000 90000000000 90000000000 90000000000 90000000000 90000000000 90000000000 90000000000 90000000000 90000000000 90000000000 21.6811955 0
