=== Интенсивности производимого в узлах сети трафика (Y_i) ===
Пояснение/формула: Y_i = subscribers[i]*y0
+---------+---------+---------+---------+---------+---------+---------+---------+---------+---------+---------+---------+---------+---------+---------+---------+---------+---------+---------+---------+
| 971.100 | 355.800 | 629.400 | 869.500 | 735.000 | 675.200 | 163.600 | 114.700 | 681.200 | 816.400 | 925.100 | 800.200 | 739.500 | 822.000 | 592.100 | 272.800 | 826.100 | 774.200 | 324.200 | 735.000 |
+---------+---------+---------+---------+---------+---------+---------+---------+---------+---------+---------+---------+---------+---------+---------+---------+---------+---------+---------+---------+
Сумма элементов вектора: 12823.100

=== Коэффициенты распределения трафика (k_i) ===
Пояснение/формула: k_i = Y_i / Σ(Y_j)
+-------+-------+-------+-------+-------+-------+-------+-------+-------+-------+-------+-------+-------+-------+-------+-------+-------+-------+-------+-------+
| 0.076 | 0.028 | 0.049 | 0.068 | 0.057 | 0.053 | 0.013 | 0.009 | 0.053 | 0.064 | 0.072 | 0.062 | 0.058 | 0.064 | 0.046 | 0.021 | 0.064 | 0.060 | 0.025 | 0.057 |
+-------+-------+-------+-------+-------+-------+-------+-------+-------+-------+-------+-------+-------+-------+-------+-------+-------+-------+-------+-------+
Сумма элементов вектора: 1.000

=== Матрица интенсивностей трафика (Yij) ===
Пояснение/формула: Yij[i][j] = Y_i * k_j
+--------+--------+--------+--------+--------+--------+--------+--------+--------+--------+--------+--------+--------+--------+--------+--------+--------+--------+--------+--------+
| 73.542 | 26.945 | 47.665 | 65.848 | 55.662 | 51.133 | 12.390 | 8.686  | 51.588 | 61.826 | 70.058 | 60.600 | 56.003 | 62.250 | 44.840 | 20.659 | 62.561 | 58.631 | 24.552 | 55.662 |
+--------+--------+--------+--------+--------+--------+--------+--------+--------+--------+--------+--------+--------+--------+--------+--------+--------+--------+--------+--------+
| 26.945 | 9.872  | 17.464 | 24.126 | 20.394 | 18.735 | 4.539  | 3.183  | 18.901 | 22.652 | 25.669 | 22.203 | 20.519 | 22.808 | 16.429 | 7.569  | 22.922 | 21.482 | 8.996  | 20.394 |
+--------+--------+--------+--------+--------+--------+--------+--------+--------+--------+--------+--------+--------+--------+--------+--------+--------+--------+--------+--------+
| 47.665 | 17.464 | 30.893 | 42.678 | 36.076 | 33.141 | 8.030  | 5.630  | 33.436 | 40.072 | 45.407 | 39.276 | 36.297 | 40.346 | 29.062 | 13.390 | 40.548 | 38.000 | 15.913 | 36.076 |
+--------+--------+--------+--------+--------+--------+--------+--------+--------+--------+--------+--------+--------+--------+--------+--------+--------+--------+--------+--------+
| 65.848 | 24.126 | 42.678 | 58.958 | 49.838 | 45.784 | 11.093 | 7.777  | 46.190 | 55.358 | 62.729 | 54.259 | 50.144 | 55.738 | 40.149 | 18.498 | 56.016 | 52.496 | 21.983 | 49.838 |
+--------+--------+--------+--------+--------+--------+--------+--------+--------+--------+--------+--------+--------+--------+--------+--------+--------+--------+--------+--------+
| 55.662 | 20.394 | 36.076 | 49.838 | 42.129 | 38.701 | 9.377  | 6.574  | 39.045 | 46.795 | 53.025 | 45.866 | 42.387 | 47.116 | 33.938 | 15.636 | 47.351 | 44.376 | 18.583 | 42.129 |
+--------+--------+--------+--------+--------+--------+--------+--------+--------+--------+--------+--------+--------+--------+--------+--------+--------+--------+--------+--------+
| 51.133 | 18.735 | 33.141 | 45.784 | 38.701 | 35.553 | 8.614  | 6.040  | 35.869 | 42.988 | 48.711 | 42.135 | 38.938 | 43.282 | 31.177 | 14.364 | 43.498 | 40.765 | 17.071 | 38.701 |
+--------+--------+--------+--------+--------+--------+--------+--------+--------+--------+--------+--------+--------+--------+--------+--------+--------+--------+--------+--------+
| 12.390 | 4.539  | 8.030  | 11.093 | 9.377  | 8.614  | 2.087  | 1.463  | 8.691  | 10.416 | 11.803 | 10.209 | 9.435  | 10.487 | 7.554  | 3.480  | 10.540 | 9.877  | 4.136  | 9.377  |
+--------+--------+--------+--------+--------+--------+--------+--------+--------+--------+--------+--------+--------+--------+--------+--------+--------+--------+--------+--------+
| 8.686  | 3.183  | 5.630  | 7.777  | 6.574  | 6.040  | 1.463  | 1.026  | 6.093  | 7.303  | 8.275  | 7.158  | 6.615  | 7.353  | 5.296  | 2.440  | 7.389  | 6.925  | 2.900  | 6.574  |
+--------+--------+--------+--------+--------+--------+--------+--------+--------+--------+--------+--------+--------+--------+--------+--------+--------+--------+--------+--------+
| 51.588 | 18.901 | 33.436 | 46.190 | 39.045 | 35.869 | 8.691  | 6.093  | 36.187 | 43.370 | 49.144 | 42.509 | 39.284 | 43.667 | 31.454 | 14.492 | 43.885 | 41.128 | 17.222 | 39.045 |
+--------+--------+--------+--------+--------+--------+--------+--------+--------+--------+--------+--------+--------+--------+--------+--------+--------+--------+--------+--------+
| 61.826 | 22.652 | 40.072 | 55.358 | 46.795 | 42.988 | 10.416 | 7.303  | 43.370 | 51.977 | 58.898 | 50.946 | 47.081 | 52.334 | 37.697 | 17.368 | 52.595 | 49.290 | 20.641 | 46.795 |
+--------+--------+--------+--------+--------+--------+--------+--------+--------+--------+--------+--------+--------+--------+--------+--------+--------+--------+--------+--------+
| 70.058 | 25.669 | 45.407 | 62.729 | 53.025 | 48.711 | 11.803 | 8.275  | 49.144 | 58.898 | 66.740 | 57.729 | 53.350 | 59.302 | 42.716 | 19.681 | 59.598 | 55.853 | 23.389 | 53.025 |
+--------+--------+--------+--------+--------+--------+--------+--------+--------+--------+--------+--------+--------+--------+--------+--------+--------+--------+--------+--------+
| 60.600 | 22.203 | 39.276 | 54.259 | 45.866 | 42.135 | 10.209 | 7.158  | 42.509 | 50.946 | 57.729 | 49.935 | 46.147 | 51.295 | 36.949 | 17.024 | 51.551 | 48.312 | 20.231 | 45.866 |
+--------+--------+--------+--------+--------+--------+--------+--------+--------+--------+--------+--------+--------+--------+--------+--------+--------+--------+--------+--------+
| 56.003 | 20.519 | 36.297 | 50.144 | 42.387 | 38.938 | 9.435  | 6.615  | 39.284 | 47.081 | 53.350 | 46.147 | 42.646 | 47.404 | 34.146 | 15.732 | 47.641 | 44.648 | 18.696 | 42.387 |
+--------+--------+--------+--------+--------+--------+--------+--------+--------+--------+--------+--------+--------+--------+--------+--------+--------+--------+--------+--------+
| 62.250 | 22.808 | 40.346 | 55.738 | 47.116 | 43.282 | 10.487 | 7.353  | 43.667 | 52.334 | 59.302 | 51.295 | 47.404 | 52.693 | 37.955 | 17.487 | 52.956 | 49.629 | 20.782 | 47.116 |
+--------+--------+--------+--------+--------+--------+--------+--------+--------+--------+--------+--------+--------+--------+--------+--------+--------+--------+--------+--------+
| 44.840 | 16.429 | 29.062 | 40.149 | 33.938 | 31.177 | 7.554  | 5.296  | 31.454 | 37.697 | 42.716 | 36.949 | 34.146 | 37.955 | 27.340 | 12.596 | 38.145 | 35.748 | 14.970 | 33.938 |
+--------+--------+--------+--------+--------+--------+--------+--------+--------+--------+--------+--------+--------+--------+--------+--------+--------+--------+--------+--------+
| 20.659 | 7.569  | 13.390 | 18.498 | 15.636 | 14.364 | 3.480  | 2.440  | 14.492 | 17.368 | 19.681 | 17.024 | 15.732 | 17.487 | 12.596 | 5.804  | 17.575 | 16.470 | 6.897  | 15.636 |
+--------+--------+--------+--------+--------+--------+--------+--------+--------+--------+--------+--------+--------+--------+--------+--------+--------+--------+--------+--------+
| 62.561 | 22.922 | 40.548 | 56.016 | 47.351 | 43.498 | 10.540 | 7.389  | 43.885 | 52.595 | 59.598 | 51.551 | 47.641 | 52.956 | 38.145 | 17.575 | 53.220 | 49.876 | 20.886 | 47.351 |
+--------+--------+--------+--------+--------+--------+--------+--------+--------+--------+--------+--------+--------+--------+--------+--------+--------+--------+--------+--------+
| 58.631 | 21.482 | 38.000 | 52.496 | 44.376 | 40.765 | 9.877  | 6.925  | 41.128 | 49.290 | 55.853 | 48.312 | 44.648 | 49.629 | 35.748 | 16.470 | 49.876 | 46.743 | 19.574 | 44.376 |
+--------+--------+--------+--------+--------+--------+--------+--------+--------+--------+--------+--------+--------+--------+--------+--------+--------+--------+--------+--------+
| 24.552 | 8.996  | 15.913 | 21.983 | 18.583 | 17.071 | 4.136  | 2.900  | 17.222 | 20.641 | 23.389 | 20.231 | 18.696 | 20.782 | 14.970 | 6.897  | 20.886 | 19.574 | 8.197  | 18.583 |
+--------+--------+--------+--------+--------+--------+--------+--------+--------+--------+--------+--------+--------+--------+--------+--------+--------+--------+--------+--------+
| 55.662 | 20.394 | 36.076 | 49.838 | 42.129 | 38.701 | 9.377  | 6.574  | 39.045 | 46.795 | 53.025 | 45.866 | 42.387 | 47.116 | 33.938 | 15.636 | 47.351 | 44.376 | 18.583 | 42.129 |
+--------+--------+--------+--------+--------+--------+--------+--------+--------+--------+--------+--------+--------+--------+--------+--------+--------+--------+--------+--------+
Сумма всех элементов матрицы: 12823.100

=== Матрица кратчайших расстояний (R1) ===
Пояснение/формула: Алгоритм Флойда–Уоршелла
+---------+---------+---------+---------+---------+---------+---------+---------+---------+---------+---------+---------+---------+---------+---------+---------+---------+---------+---------+---------+
|  0.000  | 79.198  | 73.706  | 67.780  | 39.319  | 54.526  | 82.794  | 95.732  | 65.605  | 62.952  | 40.033  | 65.718  | 56.402  | 46.671  | 44.932  | 70.685  | 52.943  | 48.402  | 34.016  | 12.335  |
+---------+---------+---------+---------+---------+---------+---------+---------+---------+---------+---------+---------+---------+---------+---------+---------+---------+---------+---------+---------+
| 74.758  |  0.000  | 51.661  | 55.455  | 35.439  | 37.778  | 42.950  | 49.025  | 36.679  | 16.246  | 36.153  | 13.480  | 47.174  | 48.137  | 41.051  | 56.731  | 30.898  | 26.356  | 64.442  | 63.050  |
+---------+---------+---------+---------+---------+---------+---------+---------+---------+---------+---------+---------+---------+---------+---------+---------+---------+---------+---------+---------+
| 73.706  | 52.039  |  0.000  | 51.223  | 34.386  | 49.593  |  9.089  | 36.447  | 36.564  | 41.325  | 35.100  | 38.559  | 51.469  | 50.676  | 39.999  | 42.235  | 29.846  | 25.304  | 60.210  | 81.891  |
+---------+---------+---------+---------+---------+---------+---------+---------+---------+---------+---------+---------+---------+---------+---------+---------+---------+---------+---------+---------+
| 43.003  | 55.455  | 62.847  |  0.000  | 28.461  | 17.677  | 71.445  | 77.520  | 54.746  | 44.741  | 29.175  | 41.975  | 45.544  | 28.037  | 34.073  | 36.630  | 42.085  | 37.543  |  8.987  | 30.669  |
+---------+---------+---------+---------+---------+---------+---------+---------+---------+---------+---------+---------+---------+---------+---------+---------+---------+---------+---------+---------+
| 39.319  | 39.980  | 34.386  | 28.461  |  0.000  | 15.207  | 43.475  | 63.492  | 26.286  | 40.958  |  0.714  | 39.504  | 17.083  | 25.566  |  5.612  | 34.159  | 13.624  |  9.082  | 37.448  | 51.654  |
+---------+---------+---------+---------+---------+---------+---------+---------+---------+---------+---------+---------+---------+---------+---------+---------+---------+---------+---------+---------+
| 54.526  | 37.778  | 49.593  | 17.677  | 15.207  |  0.000  | 53.768  | 59.843  | 41.492  | 27.064  | 15.921  | 24.298  | 32.289  | 10.360  | 20.819  | 18.953  | 28.830  | 24.289  | 26.664  | 48.346  |
+---------+---------+---------+---------+---------+---------+---------+---------+---------+---------+---------+---------+---------+---------+---------+---------+---------+---------+---------+---------+
| 82.794  | 42.950  |  9.089  | 60.311  | 43.475  | 53.768  |  0.000  | 27.358  | 45.653  | 32.236  | 44.189  | 29.470  | 50.676  | 59.765  | 49.087  | 51.324  | 38.934  | 34.393  | 69.299  | 90.980  |
+---------+---------+---------+---------+---------+---------+---------+---------+---------+---------+---------+---------+---------+---------+---------+---------+---------+---------+---------+---------+
| 95.732  | 49.025  | 36.447  | 77.520  | 63.492  | 59.843  | 27.358  |  0.000  | 37.207  | 32.779  | 64.206  | 35.545  | 69.239  | 57.181  | 57.880  | 78.682  | 66.293  | 61.751  | 86.507  | 108.067 |
+---------+---------+---------+---------+---------+---------+---------+---------+---------+---------+---------+---------+---------+---------+---------+---------+---------+---------+---------+---------+
| 65.605  | 36.679  | 36.564  | 54.746  | 26.286  | 41.492  | 45.653  | 37.207  |  0.000  | 25.964  | 27.000  | 23.199  | 43.369  | 33.265  | 20.673  | 58.824  | 39.909  | 35.368  | 63.734  | 77.940  |
+---------+---------+---------+---------+---------+---------+---------+---------+---------+---------+---------+---------+---------+---------+---------+---------+---------+---------+---------+---------+
| 62.952  | 16.246  | 41.325  | 44.741  | 40.958  | 27.064  | 32.236  | 32.779  | 25.964  |  0.000  | 40.244  |  2.766  | 36.460  | 37.423  | 46.570  | 46.016  | 47.144  | 42.602  | 53.728  | 75.287  |
+---------+---------+---------+---------+---------+---------+---------+---------+---------+---------+---------+---------+---------+---------+---------+---------+---------+---------+---------+---------+
| 40.033  | 40.694  | 35.100  | 29.175  |  0.714  | 15.921  | 44.189  | 64.206  | 27.000  | 40.244  |  0.000  | 40.218  | 16.369  | 26.280  |  6.326  | 34.873  | 14.338  |  9.796  | 38.162  | 52.368  |
+---------+---------+---------+---------+---------+---------+---------+---------+---------+---------+---------+---------+---------+---------+---------+---------+---------+---------+---------+---------+
| 65.718  | 13.480  | 38.559  | 41.975  | 39.504  | 24.298  | 29.470  | 35.545  | 23.199  |  2.766  | 40.218  |  0.000  | 33.694  | 34.657  | 43.872  | 43.250  | 44.378  | 39.837  | 50.962  | 72.643  |
+---------+---------+---------+---------+---------+---------+---------+---------+---------+---------+---------+---------+---------+---------+---------+---------+---------+---------+---------+---------+
| 56.402  | 47.174  | 51.469  | 45.544  | 17.083  | 32.289  | 50.676  | 69.239  | 43.369  | 36.460  | 16.369  | 33.694  |  0.000  | 42.649  | 22.695  | 45.901  | 30.707  | 26.165  | 54.531  | 68.737  |
+---------+---------+---------+---------+---------+---------+---------+---------+---------+---------+---------+---------+---------+---------+---------+---------+---------+---------+---------+---------+
| 46.671  | 48.137  | 50.676  | 28.037  | 25.566  | 10.360  | 59.765  | 57.181  | 33.265  | 37.423  | 26.280  | 34.657  | 42.649  |  0.000  | 31.178  | 29.312  | 39.190  | 34.648  | 37.024  | 58.705  |
+---------+---------+---------+---------+---------+---------+---------+---------+---------+---------+---------+---------+---------+---------+---------+---------+---------+---------+---------+---------+
| 44.932  | 45.592  | 39.999  | 34.073  |  5.612  | 20.819  | 49.087  | 57.880  | 20.673  | 46.570  |  6.326  | 43.872  | 22.695  | 31.178  |  0.000  | 38.151  | 19.236  | 14.694  | 43.060  | 57.266  |
+---------+---------+---------+---------+---------+---------+---------+---------+---------+---------+---------+---------+---------+---------+---------+---------+---------+---------+---------+---------+
| 51.991  | 56.731  | 42.235  |  8.987  | 34.159  | 18.953  | 51.324  | 78.682  | 58.824  | 46.016  | 34.873  | 43.250  | 45.901  | 29.312  | 38.151  |  0.000  | 35.812  | 31.270  | 17.975  | 39.656  |
+---------+---------+---------+---------+---------+---------+---------+---------+---------+---------+---------+---------+---------+---------+---------+---------+---------+---------+---------+---------+
| 52.943  | 26.356  | 29.846  | 42.085  | 13.624  | 28.830  | 38.934  | 66.293  | 39.909  | 42.602  | 14.338  | 39.837  | 30.707  | 39.190  | 19.236  | 35.812  |  0.000  |  4.542  | 50.439  | 65.278  |
+---------+---------+---------+---------+---------+---------+---------+---------+---------+---------+---------+---------+---------+---------+---------+---------+---------+---------+---------+---------+
| 48.402  | 30.898  | 25.304  | 37.543  |  9.082  | 24.289  | 34.393  | 61.751  | 35.368  | 47.144  |  9.796  | 44.378  | 26.165  | 34.648  | 14.694  | 31.270  |  4.542  |  0.000  | 46.530  | 60.736  |
+---------+---------+---------+---------+---------+---------+---------+---------+---------+---------+---------+---------+---------+---------+---------+---------+---------+---------+---------+---------+
| 34.016  | 63.050  | 78.904  | 45.656  | 64.062  | 55.621  | 87.993  | 112.075 | 90.348  | 79.296  | 64.776  | 76.530  | 81.145  | 65.981  | 69.675  | 36.669  | 50.439  | 54.980  |  0.000  | 21.681  |
+---------+---------+---------+---------+---------+---------+---------+---------+---------+---------+---------+---------+---------+---------+---------+---------+---------+---------+---------+---------+
| 12.335  | 84.731  | 86.041  | 67.337  | 51.654  | 66.861  | 95.129  | 108.067 | 77.940  | 75.287  | 52.368  | 78.053  | 68.737  | 59.006  | 57.266  | 58.350  | 65.278  | 60.736  | 21.681  |  0.000  |
+---------+---------+---------+---------+---------+---------+---------+---------+---------+---------+---------+---------+---------+---------+---------+---------+---------+---------+---------+---------+
Сумма всех элементов матрицы: 16360.923

=== Матрица кратчайших маршрутов (R2) ===
Пояснение/формула: Следующий узел на пути i->j
+--------+--------+--------+--------+--------+--------+--------+--------+--------+--------+--------+--------+--------+--------+--------+--------+--------+--------+--------+--------+
| 1.000  | 10.000 | 5.000  | 5.000  | 5.000  | 5.000  | 5.000  | 10.000 | 5.000  | 10.000 | 5.000  | 10.000 | 5.000  | 14.000 | 5.000  | 20.000 | 5.000  | 5.000  | 20.000 | 20.000 |
+--------+--------+--------+--------+--------+--------+--------+--------+--------+--------+--------+--------+--------+--------+--------+--------+--------+--------+--------+--------+
| 18.000 | 2.000  | 18.000 | 12.000 | 18.000 | 12.000 | 12.000 | 12.000 | 12.000 | 12.000 | 18.000 | 12.000 | 12.000 | 12.000 | 18.000 | 12.000 | 18.000 | 18.000 | 12.000 | 20.000 |
+--------+--------+--------+--------+--------+--------+--------+--------+--------+--------+--------+--------+--------+--------+--------+--------+--------+--------+--------+--------+
| 18.000 | 7.000  | 3.000  | 16.000 | 18.000 | 18.000 | 7.000  | 7.000  | 9.000  | 7.000  | 18.000 | 7.000  | 18.000 | 14.000 | 18.000 | 16.000 | 18.000 | 18.000 | 16.000 | 16.000 |
+--------+--------+--------+--------+--------+--------+--------+--------+--------+--------+--------+--------+--------+--------+--------+--------+--------+--------+--------+--------+
| 19.000 | 6.000  | 5.000  | 4.000  | 5.000  | 6.000  | 6.000  | 6.000  | 5.000  | 6.000  | 5.000  | 6.000  | 5.000  | 6.000  | 5.000  | 6.000  | 5.000  | 5.000  | 19.000 | 19.000 |
+--------+--------+--------+--------+--------+--------+--------+--------+--------+--------+--------+--------+--------+--------+--------+--------+--------+--------+--------+--------+
| 1.000  | 18.000 | 18.000 | 4.000  | 5.000  | 6.000  | 18.000 | 15.000 | 15.000 | 11.000 | 11.000 | 6.000  | 11.000 | 6.000  | 15.000 | 6.000  | 18.000 | 18.000 | 4.000  | 1.000  |
+--------+--------+--------+--------+--------+--------+--------+--------+--------+--------+--------+--------+--------+--------+--------+--------+--------+--------+--------+--------+
| 5.000  | 12.000 | 5.000  | 4.000  | 5.000  | 6.000  | 12.000 | 12.000 | 5.000  | 12.000 | 5.000  | 12.000 | 5.000  | 14.000 | 5.000  | 16.000 | 5.000  | 5.000  | 4.000  | 4.000  |
+--------+--------+--------+--------+--------+--------+--------+--------+--------+--------+--------+--------+--------+--------+--------+--------+--------+--------+--------+--------+
| 3.000  | 12.000 | 3.000  | 3.000  | 3.000  | 12.000 | 7.000  | 8.000  | 3.000  | 12.000 | 3.000  | 12.000 | 13.000 | 3.000  | 3.000  | 3.000  | 3.000  | 3.000  | 3.000  | 3.000  |
+--------+--------+--------+--------+--------+--------+--------+--------+--------+--------+--------+--------+--------+--------+--------+--------+--------+--------+--------+--------+
| 10.000 | 10.000 | 7.000  | 10.000 | 9.000  | 10.000 | 7.000  | 8.000  | 9.000  | 10.000 | 9.000  | 10.000 | 10.000 | 14.000 | 9.000  | 7.000  | 7.000  | 7.000  | 10.000 | 10.000 |
+--------+--------+--------+--------+--------+--------+--------+--------+--------+--------+--------+--------+--------+--------+--------+--------+--------+--------+--------+--------+
| 15.000 | 12.000 | 3.000  | 15.000 | 15.000 | 15.000 | 3.000  | 8.000  | 9.000  | 12.000 | 15.000 | 12.000 | 15.000 | 14.000 | 15.000 | 15.000 | 15.000 | 15.000 | 15.000 | 15.000 |
+--------+--------+--------+--------+--------+--------+--------+--------+--------+--------+--------+--------+--------+--------+--------+--------+--------+--------+--------+--------+
| 1.000  | 12.000 | 12.000 | 12.000 | 11.000 | 12.000 | 12.000 | 8.000  | 12.000 | 10.000 | 11.000 | 12.000 | 12.000 | 12.000 | 11.000 | 12.000 | 12.000 | 12.000 | 12.000 | 1.000  |
+--------+--------+--------+--------+--------+--------+--------+--------+--------+--------+--------+--------+--------+--------+--------+--------+--------+--------+--------+--------+
| 5.000  | 5.000  | 5.000  | 5.000  | 5.000  | 5.000  | 5.000  | 5.000  | 5.000  | 10.000 | 11.000 | 5.000  | 13.000 | 5.000  | 5.000  | 5.000  | 5.000  | 5.000  | 5.000  | 5.000  |
+--------+--------+--------+--------+--------+--------+--------+--------+--------+--------+--------+--------+--------+--------+--------+--------+--------+--------+--------+--------+
| 10.000 | 2.000  | 7.000  | 6.000  | 6.000  | 6.000  | 7.000  | 10.000 | 9.000  | 10.000 | 6.000  | 12.000 | 13.000 | 6.000  | 9.000  | 6.000  | 2.000  | 2.000  | 6.000  | 6.000  |
+--------+--------+--------+--------+--------+--------+--------+--------+--------+--------+--------+--------+--------+--------+--------+--------+--------+--------+--------+--------+
| 11.000 | 12.000 | 11.000 | 11.000 | 11.000 | 11.000 | 7.000  | 12.000 | 11.000 | 12.000 | 11.000 | 12.000 | 13.000 | 11.000 | 11.000 | 16.000 | 11.000 | 11.000 | 11.000 | 11.000 |
+--------+--------+--------+--------+--------+--------+--------+--------+--------+--------+--------+--------+--------+--------+--------+--------+--------+--------+--------+--------+
| 1.000  | 6.000  | 3.000  | 6.000  | 6.000  | 6.000  | 3.000  | 8.000  | 9.000  | 6.000  | 6.000  | 6.000  | 6.000  | 14.000 | 6.000  | 6.000  | 6.000  | 6.000  | 6.000  | 6.000  |
+--------+--------+--------+--------+--------+--------+--------+--------+--------+--------+--------+--------+--------+--------+--------+--------+--------+--------+--------+--------+
| 5.000  | 5.000  | 5.000  | 5.000  | 5.000  | 5.000  | 5.000  | 9.000  | 9.000  | 5.000  | 5.000  | 9.000  | 5.000  | 5.000  | 15.000 | 16.000 | 5.000  | 5.000  | 5.000  | 5.000  |
+--------+--------+--------+--------+--------+--------+--------+--------+--------+--------+--------+--------+--------+--------+--------+--------+--------+--------+--------+--------+
| 4.000  | 6.000  | 3.000  | 4.000  | 6.000  | 6.000  | 3.000  | 3.000  | 15.000 | 6.000  | 6.000  | 6.000  | 13.000 | 6.000  | 15.000 | 16.000 | 18.000 | 18.000 | 4.000  | 4.000  |
+--------+--------+--------+--------+--------+--------+--------+--------+--------+--------+--------+--------+--------+--------+--------+--------+--------+--------+--------+--------+
| 18.000 | 2.000  | 18.000 | 18.000 | 18.000 | 18.000 | 18.000 | 18.000 | 18.000 | 2.000  | 18.000 | 2.000  | 18.000 | 18.000 | 18.000 | 18.000 | 17.000 | 18.000 | 19.000 | 18.000 |
+--------+--------+--------+--------+--------+--------+--------+--------+--------+--------+--------+--------+--------+--------+--------+--------+--------+--------+--------+--------+
| 5.000  | 17.000 | 3.000  | 5.000  | 5.000  | 5.000  | 3.000  | 3.000  | 5.000  | 17.000 | 5.000  | 17.000 | 5.000  | 5.000  | 5.000  | 16.000 | 17.000 | 18.000 | 5.000  | 5.000  |
+--------+--------+--------+--------+--------+--------+--------+--------+--------+--------+--------+--------+--------+--------+--------+--------+--------+--------+--------+--------+
| 20.000 | 2.000  | 16.000 | 16.000 | 17.000 | 16.000 | 16.000 | 2.000  | 17.000 | 2.000  | 17.000 | 2.000  | 17.000 | 16.000 | 17.000 | 16.000 | 17.000 | 17.000 | 19.000 | 20.000 |
+--------+--------+--------+--------+--------+--------+--------+--------+--------+--------+--------+--------+--------+--------+--------+--------+--------+--------+--------+--------+
| 1.000  | 19.000 | 1.000  | 19.000 | 1.000  | 1.000  | 1.000  | 1.000  | 1.000  | 1.000  | 1.000  | 1.000  | 1.000  | 1.000  | 1.000  | 19.000 | 1.000  | 1.000  | 19.000 | 20.000 |
+--------+--------+--------+--------+--------+--------+--------+--------+--------+--------+--------+--------+--------+--------+--------+--------+--------+--------+--------+--------+
Сумма всех элементов матрицы: 3763.000

=== Матрица интенсивностей нагрузок (Y_hatch) ===
Пояснение/формула: Суммарная нагрузка на каждом ребре, исходя из маршрутов
+----------+----------+----------+----------+----------+----------+----------+----------+----------+----------+----------+----------+----------+----------+----------+----------+----------+----------+----------+----------+
|  0.000   |  0.000   |  0.000   |  0.000   | 962.784  |  0.000   |  0.000   |  0.000   |  0.000   | 257.293  |  0.000   |  0.000   |  0.000   | 109.366  |  0.000   |  0.000   |  0.000   |  0.000   |  0.000   | 456.494  |
+----------+----------+----------+----------+----------+----------+----------+----------+----------+----------+----------+----------+----------+----------+----------+----------+----------+----------+----------+----------+
|  0.000   |  0.000   |  0.000   |  0.000   |  0.000   |  0.000   |  0.000   |  0.000   |  0.000   |  0.000   |  0.000   | 419.751  |  0.000   |  0.000   |  0.000   |  0.000   |  0.000   | 353.052  |  0.000   |  20.394  |
+----------+----------+----------+----------+----------+----------+----------+----------+----------+----------+----------+----------+----------+----------+----------+----------+----------+----------+----------+----------+
|  0.000   |  0.000   |  0.000   |  0.000   |  0.000   |  0.000   | 224.939  |  0.000   |  42.126  |  0.000   |  0.000   |  0.000   |  0.000   |  50.834  |  0.000   | 138.584  |  0.000   | 382.051  |  0.000   |  0.000   |
+----------+----------+----------+----------+----------+----------+----------+----------+----------+----------+----------+----------+----------+----------+----------+----------+----------+----------+----------+----------+
|  0.000   |  0.000   |  0.000   |  0.000   | 400.239  | 272.633  |  0.000   |  0.000   |  0.000   |  0.000   |  0.000   |  0.000   |  0.000   |  0.000   |  0.000   |  0.000   |  0.000   |  0.000   | 581.102  |  0.000   |
+----------+----------+----------+----------+----------+----------+----------+----------+----------+----------+----------+----------+----------+----------+----------+----------+----------+----------+----------+----------+
| 839.726  |  0.000   |  0.000   | 535.843  |  0.000   | 833.910  |  0.000   |  0.000   |  0.000   |  0.000   | 1328.579 |  0.000   |  0.000   |  0.000   | 895.714  |  0.000   |  0.000   | 1386.044 |  0.000   |  0.000   |
+----------+----------+----------+----------+----------+----------+----------+----------+----------+----------+----------+----------+----------+----------+----------+----------+----------+----------+----------+----------+
|  0.000   |  0.000   |  0.000   | 465.345  | 795.208  |  0.000   |  0.000   |  0.000   |  0.000   |  0.000   |  0.000   | 543.118  |  0.000   | 558.088  |  0.000   | 127.628  |  0.000   |  0.000   |  0.000   |  0.000   |
+----------+----------+----------+----------+----------+----------+----------+----------+----------+----------+----------+----------+----------+----------+----------+----------+----------+----------+----------+----------+
|  0.000   |  0.000   | 218.568  |  0.000   |  0.000   |  0.000   |  0.000   |  23.848  |  0.000   |  0.000   |  0.000   | 130.591  |  9.435   |  0.000   |  0.000   |  0.000   |  0.000   |  0.000   |  0.000   |  0.000   |
+----------+----------+----------+----------+----------+----------+----------+----------+----------+----------+----------+----------+----------+----------+----------+----------+----------+----------+----------+----------+
|  0.000   |  0.000   |  0.000   |  0.000   |  0.000   |  0.000   |  23.848  |  0.000   |  26.239  |  56.235  |  0.000   |  0.000   |  0.000   |  7.353   |  0.000   |  0.000   |  0.000   |  0.000   |  0.000   |  0.000   |
+----------+----------+----------+----------+----------+----------+----------+----------+----------+----------+----------+----------+----------+----------+----------+----------+----------+----------+----------+----------+
|  0.000   |  0.000   |  42.126  |  0.000   |  0.000   |  0.000   |  0.000   |  26.239  |  0.000   |  0.000   |  0.000   | 141.728  |  0.000   |  43.667  | 505.441  |  0.000   |  0.000   |  0.000   |  0.000   |  0.000   |
+----------+----------+----------+----------+----------+----------+----------+----------+----------+----------+----------+----------+----------+----------+----------+----------+----------+----------+----------+----------+
| 184.481  |  0.000   |  0.000   |  0.000   |  0.000   |  0.000   |  0.000   |  56.235  |  0.000   |  0.000   | 143.389  | 672.192  |  0.000   |  0.000   |  0.000   |  0.000   |  0.000   |  0.000   |  0.000   |  0.000   |
+----------+----------+----------+----------+----------+----------+----------+----------+----------+----------+----------+----------+----------+----------+----------+----------+----------+----------+----------+----------+
|  0.000   |  0.000   |  0.000   |  0.000   | 1328.579 |  0.000   |  0.000   |  0.000   |  0.000   | 143.389  |  0.000   |  0.000   | 551.325  |  0.000   |  0.000   |  0.000   |  0.000   |  0.000   |  0.000   |  0.000   |
+----------+----------+----------+----------+----------+----------+----------+----------+----------+----------+----------+----------+----------+----------+----------+----------+----------+----------+----------+----------+
|  0.000   | 411.393  |  0.000   |  0.000   |  0.000   | 630.658  | 124.220  |  0.000   | 141.728  | 599.381  |  0.000   |  0.000   | 120.362  |  0.000   |  0.000   |  0.000   |  0.000   |  0.000   |  0.000   |  0.000   |
+----------+----------+----------+----------+----------+----------+----------+----------+----------+----------+----------+----------+----------+----------+----------+----------+----------+----------+----------+----------+
|  0.000   |  0.000   |  0.000   |  0.000   |  0.000   |  0.000   |  9.435   |  0.000   |  0.000   |  0.000   | 551.325  | 120.362  |  0.000   |  0.000   |  0.000   |  15.732  |  0.000   |  0.000   |  0.000   |  0.000   |
+----------+----------+----------+----------+----------+----------+----------+----------+----------+----------+----------+----------+----------+----------+----------+----------+----------+----------+----------+----------+
|  62.250  |  0.000   |  50.834  |  0.000   |  0.000   | 605.203  |  0.000   |  7.353   |  43.667  |  0.000   |  0.000   |  0.000   |  0.000   |  0.000   |  0.000   |  0.000   |  0.000   |  0.000   |  0.000   |  0.000   |
+----------+----------+----------+----------+----------+----------+----------+----------+----------+----------+----------+----------+----------+----------+----------+----------+----------+----------+----------+----------+
|  0.000   |  0.000   |  0.000   |  0.000   | 895.714  |  0.000   |  0.000   |  0.000   | 505.441  |  0.000   |  0.000   |  0.000   |  0.000   |  0.000   |  0.000   |  27.088  |  0.000   |  0.000   |  0.000   |  0.000   |
+----------+----------+----------+----------+----------+----------+----------+----------+----------+----------+----------+----------+----------+----------+----------+----------+----------+----------+----------+----------+
|  0.000   |  0.000   |  39.360  | 252.786  |  0.000   | 146.983  |  0.000   |  0.000   |  0.000   |  0.000   |  0.000   |  0.000   |  15.732  |  0.000   |  27.088  |  0.000   |  0.000   |  34.045  |  0.000   |  0.000   |
+----------+----------+----------+----------+----------+----------+----------+----------+----------+----------+----------+----------+----------+----------+----------+----------+----------+----------+----------+----------+
|  0.000   | 308.643  |  0.000   |  0.000   |  0.000   |  0.000   |  0.000   |  0.000   |  0.000   |  0.000   |  0.000   |  0.000   |  0.000   |  0.000   |  0.000   |  0.000   |  0.000   | 737.361  |  20.886  |  0.000   |
+----------+----------+----------+----------+----------+----------+----------+----------+----------+----------+----------+----------+----------+----------+----------+----------+----------+----------+----------+----------+
|  0.000   |  0.000   | 487.647  |  0.000   | 1437.292 |  0.000   |  0.000   |  0.000   |  0.000   |  0.000   |  0.000   |  0.000   |  0.000   |  0.000   |  0.000   |  34.045  | 933.570  |  0.000   |  0.000   |  0.000   |
+----------+----------+----------+----------+----------+----------+----------+----------+----------+----------+----------+----------+----------+----------+----------+----------+----------+----------+----------+----------+
|  0.000   |  73.161  |  0.000   |  0.000   |  0.000   |  0.000   |  0.000   |  0.000   |  0.000   |  0.000   |  0.000   |  0.000   |  0.000   |  0.000   |  0.000   | 172.916  | 133.320  |  0.000   |  0.000   | 372.253  |
+----------+----------+----------+----------+----------+----------+----------+----------+----------+----------+----------+----------+----------+----------+----------+----------+----------+----------+----------+----------+
| 699.478  |  0.000   |  0.000   |  0.000   |  0.000   |  0.000   |  0.000   |  0.000   |  0.000   |  0.000   |  0.000   |  0.000   |  0.000   |  0.000   |  0.000   |  0.000   |  0.000   |  0.000   | 149.662  |  0.000   |
+----------+----------+----------+----------+----------+----------+----------+----------+----------+----------+----------+----------+----------+----------+----------+----------+----------+----------+----------+----------+
Сумма всех элементов матрицы: 28314.127

=== Матрица потоков (число каналов) (V) ===
Пояснение/формула: Число каналов при допустимой вероятности блокировки = 1 - quality
+---------+---------+---------+---------+---------+---------+---------+---------+---------+---------+---------+---------+---------+---------+---------+---------+---------+---------+---------+---------+
|  0.000  |  0.000  |  0.000  |  0.000  | 360.000 |  0.000  |  0.000  |  0.000  |  0.000  | 272.000 |  0.000  |  0.000  |  0.000  | 122.000 |  0.000  |  0.000  |  0.000  |  0.000  |  0.000  | 471.000 |
+---------+---------+---------+---------+---------+---------+---------+---------+---------+---------+---------+---------+---------+---------+---------+---------+---------+---------+---------+---------+
|  0.000  |  0.000  |  0.000  |  0.000  |  0.000  |  0.000  |  0.000  |  0.000  |  0.000  |  0.000  |  0.000  | 434.000 |  0.000  |  0.000  |  0.000  |  0.000  |  0.000  | 368.000 |  0.000  | 29.000  |
+---------+---------+---------+---------+---------+---------+---------+---------+---------+---------+---------+---------+---------+---------+---------+---------+---------+---------+---------+---------+
|  0.000  |  0.000  |  0.000  |  0.000  |  0.000  |  0.000  | 240.000 |  0.000  | 53.000  |  0.000  |  0.000  |  0.000  |  0.000  | 62.000  |  0.000  | 152.000 |  0.000  | 397.000 |  0.000  |  0.000  |
+---------+---------+---------+---------+---------+---------+---------+---------+---------+---------+---------+---------+---------+---------+---------+---------+---------+---------+---------+---------+
|  0.000  |  0.000  |  0.000  |  0.000  | 415.000 | 287.000 |  0.000  |  0.000  |  0.000  |  0.000  |  0.000  |  0.000  |  0.000  |  0.000  |  0.000  |  0.000  |  0.000  |  0.000  | 594.000 |  0.000  |
+---------+---------+---------+---------+---------+---------+---------+---------+---------+---------+---------+---------+---------+---------+---------+---------+---------+---------+---------+---------+
| 423.000 |  0.000  |  0.000  | 550.000 |  0.000  | 428.000 |  0.000  |  0.000  |  0.000  |  0.000  | 279.000 |  0.000  |  0.000  |  0.000  | 389.000 |  0.000  |  0.000  | 271.000 |  0.000  |  0.000  |
+---------+---------+---------+---------+---------+---------+---------+---------+---------+---------+---------+---------+---------+---------+---------+---------+---------+---------+---------+---------+
|  0.000  |  0.000  |  0.000  | 480.000 | 463.000 |  0.000  |  0.000  |  0.000  |  0.000  |  0.000  |  0.000  | 557.000 |  0.000  | 572.000 |  0.000  | 141.000 |  0.000  |  0.000  |  0.000  |  0.000  |
+---------+---------+---------+---------+---------+---------+---------+---------+---------+---------+---------+---------+---------+---------+---------+---------+---------+---------+---------+---------+
|  0.000  |  0.000  | 233.000 |  0.000  |  0.000  |  0.000  |  0.000  | 33.000  |  0.000  |  0.000  |  0.000  | 144.000 | 16.000  |  0.000  |  0.000  |  0.000  |  0.000  |  0.000  |  0.000  |  0.000  |
+---------+---------+---------+---------+---------+---------+---------+---------+---------+---------+---------+---------+---------+---------+---------+---------+---------+---------+---------+---------+
|  0.000  |  0.000  |  0.000  |  0.000  |  0.000  |  0.000  | 33.000  |  0.000  | 35.000  | 67.000  |  0.000  |  0.000  |  0.000  | 13.000  |  0.000  |  0.000  |  0.000  |  0.000  |  0.000  |  0.000  |
+---------+---------+---------+---------+---------+---------+---------+---------+---------+---------+---------+---------+---------+---------+---------+---------+---------+---------+---------+---------+
|  0.000  |  0.000  | 53.000  |  0.000  |  0.000  |  0.000  |  0.000  | 35.000  |  0.000  |  0.000  |  0.000  | 156.000 |  0.000  | 54.000  | 519.000 |  0.000  |  0.000  |  0.000  |  0.000  |  0.000  |
+---------+---------+---------+---------+---------+---------+---------+---------+---------+---------+---------+---------+---------+---------+---------+---------+---------+---------+---------+---------+
| 199.000 |  0.000  |  0.000  |  0.000  |  0.000  |  0.000  |  0.000  | 67.000  |  0.000  |  0.000  | 157.000 | 685.000 |  0.000  |  0.000  |  0.000  |  0.000  |  0.000  |  0.000  |  0.000  |  0.000  |
+---------+---------+---------+---------+---------+---------+---------+---------+---------+---------+---------+---------+---------+---------+---------+---------+---------+---------+---------+---------+
|  0.000  |  0.000  |  0.000  |  0.000  | 279.000 |  0.000  |  0.000  |  0.000  |  0.000  | 157.000 |  0.000  |  0.000  | 565.000 |  0.000  |  0.000  |  0.000  |  0.000  |  0.000  |  0.000  |  0.000  |
+---------+---------+---------+---------+---------+---------+---------+---------+---------+---------+---------+---------+---------+---------+---------+---------+---------+---------+---------+---------+
|  0.000  | 426.000 |  0.000  |  0.000  |  0.000  | 644.000 | 138.000 |  0.000  | 156.000 | 613.000 |  0.000  |  0.000  | 134.000 |  0.000  |  0.000  |  0.000  |  0.000  |  0.000  |  0.000  |  0.000  |
+---------+---------+---------+---------+---------+---------+---------+---------+---------+---------+---------+---------+---------+---------+---------+---------+---------+---------+---------+---------+
|  0.000  |  0.000  |  0.000  |  0.000  |  0.000  |  0.000  | 16.000  |  0.000  |  0.000  |  0.000  | 565.000 | 134.000 |  0.000  |  0.000  |  0.000  | 23.000  |  0.000  |  0.000  |  0.000  |  0.000  |
+---------+---------+---------+---------+---------+---------+---------+---------+---------+---------+---------+---------+---------+---------+---------+---------+---------+---------+---------+---------+
| 74.000  |  0.000  | 62.000  |  0.000  |  0.000  | 618.000 |  0.000  | 13.000  | 54.000  |  0.000  |  0.000  |  0.000  |  0.000  |  0.000  |  0.000  |  0.000  |  0.000  |  0.000  |  0.000  |  0.000  |
