=== Лаб. работа 1, вариант 7 ===

Матрица A
16	17	16	21	22
18	15	14	17	16
17	22	17	19	20
16	17	24	18	17
21	22	21	20	14

Матрица B
120
102
138
146
117

Транспонированная матрица A
16	18	17	16	21
17	15	22	17	22
16	14	17	24	21
21	17	19	18	20
22	16	20	17	14

Транспонированная матрица B
120	102	138	146	117

Обратная матрица A
-1.68622e-01	2.72399e-01	9.67528e-03	1.11995e-02	-7.37575e-02
-5.23526e-02	-1.00729e-01	1.51756e-01	-5.03645e-02	4.17495e-02
-4.92710e-02	-1.31544e-02	-1.60371e-02	1.18423e-01	-2.84294e-02
3.47515e-01	-2.52883e-01	-2.45328e-01	-1.26441e-01	2.46918e-01
-8.73426e-02	1.30683e-01	1.21537e-01	6.53413e-02	-1.93638e-01

Проверка A*Aobr
1.000e+00	-8.327e-16	-2.776e-16	-1.943e-16	9.992e-16
4.441e-16	1.000e+00	-6.661e-16	-4.441e-16	8.882e-16
-5.551e-17	-1.110e-16	1.000e+00	-5.551e-17	6.661e-16
-4.025e-16	-8.049e-16	-4.163e-16	1.000e+00	1.055e-15
-8.327e-17	-6.106e-16	-4.996e-16	-3.053e-16	1.000e+00

Проверка ортогональности (At-Aobr)
16.169	17.728	16.990	15.989	21.074
17.052	15.101	21.848	17.050	21.958
16.049	14.013	17.016	23.882	21.028
20.652	17.253	19.245	18.126	19.753
22.087	15.869	19.878	16.935	14.194

Матрица нормир. коэфф. C
0.409	  0	0.818	  1	0.341

C*B= 347.886364
B*C => det= 0.000000
det(A)= 30180.000000

Главные миноры A:
16
-66.00000000000001
252
-5844
30179.99999999999

Матрица алгебр. дополнений (кофакторы):
-5.09e+03	-1.58e+03	-1.49e+03	1.05e+04	-2.64e+03
8.22e+03	-3.04e+03	-397	-7.63e+03	3.94e+03
292	4.58e+03	-484	-7.4e+03	3.67e+03
338	-1.52e+03	3.57e+03	-3.82e+03	1.97e+03
-2.23e+03	1.26e+03	-858	7.45e+03	-5.84e+03

Решение СЛАУ (Гаусс):
1.89
1.92
4.5
-7.52
6.5
Проверка (A*XGs-B):
  0
  0
2.84e-14
  0
  0

Решение СЛАУ (обратная матрица):
1.89
1.92
4.5
-7.52
6.5
Проверка (A*Xom-B):
-1.56e-13
-1.71e-13
-1.42e-13
-1.71e-13
-1.71e-13

Параметры для целевой функции:
n= 7, k= 5, w= 1
